3514 2941 3497
2857 1747 2862
2857 2709 2943
2709 2857 2708
2861 2731 2862
2857 2730 2708
2730 2857 2862
2731 2730 2862
1595 1746 1747
1852 3514 3497
1862 1665 1830
1739 1862 1860
1862 1739 1665
1666 1835 1830
1665 1666 1830
1852 1666 3514
1666 1852 1835
1739 1666 1665
2930 2782 2945
1573 1742 1860
1742 1739 1860
1742 1573 1572
1594 1742 1572
1742 1595 1747
1742 1594 1595
2857 1742 1747
2782 2854 2945
2854 2857 2943
2945 2854 2943
2854 1742 2857
1742 2854 1739
2933 2783 2930
2783 2782 2930
2783 2941 3514
2783 2933 2941
2783 2854 2782
2854 2783 1739
1666 2783 3514
2783 1666 1739
3229 3255 3257
3228 3229 3257
3229 3273 3255
3285 3359 3248
3219 3218 3226
3255 3218 3257
3218 3219 3257
3260 3285 3248
3285 3260 3289
3218 3272 3226
3379 3285 3289
3379 3359 3285
3359 3360 3329
3360 3379 3357
3379 3360 3359
3356 3360 3357
3360 3356 3329
3356 3322 3354
3261 3228 3257
3261 3260 3228
3260 3261 3289
3256 3218 3255
3256 3272 3218
3273 3256 3255
3272 3256 3273
3355 3372 3354
3372 3330 3354
3356 3330 3329
3330 3356 3354
3258 3261 3257
3261 3258 3289
3357 3258 3257
3379 3258 3357
3258 3379 3289
3355 3371 3372
3322 3321 3354
3321 3355 3354
3321 3322 3327
3371 3321 3327
3321 3371 3355
